0.000|47.821|102.306|64.186|204.556|71.685|42.900|41.248|42.461|40.842|40.294|40.198|39.721|40.592|41.658|42.016|41.413|76.702|50.955|41.914|39.602|39.799|39.533|40.136|42.490|86.947|39.787|42.540|39.116|39.758|39.389|40.762|41.138|42.041|45.681|47.846|42.684|41.912|41.169|40.236|152.762|43.478|42.817|43.341|77.137|43.387|43.090|42.521|42.688|42.769|46.783|41.946|43.076|43.559|43.212|65.214|46.735|43.645|43.937|52.001|45.274|49.070|44.083|76.781|45.831|42.735|42.535|43.417|42.304|42.316|46.257|195.565|42.091|59.379|41.427|43.747|42.046|40.812|88.125|43.002|45.485|41.103|41.418|41.018|40.817|40.202|40.805|41.140|42.179|41.691|42.204|43.338|40.377|84.128|41.555|60.265|41.607|40.815|41.254|42.238|40.935|40.802|40.866|40.362|40.793|40.948|43.177|41.573|41.732|72.288|42.243|40.865|40.685|40.297|40.712|40.716|40.933|41.032|40.663|40.399|41.163|40.198|41.035|40.455|40.722|43.228|41.313|42.129|41.083|40.281|40.768|41.197|40.426|41.131|105.812|40.708|72.428|40.009|40.768|42.238|40.998|39.828|40.733|40.118|41.575|40.427|86.458|42.699|48.404


best lap:
	39.116

number of laps:
	148

total time elapsed:
	7182.517